AFSTV_m = 0.030848776412433745
ASC_multi = -1.7604395818367864
DAGSOORT_m = -1.2348767815106259
GESLACHT_m = -0.050706121821613145
TOER_m = -3.3347912485836786
