ASC_multi = -6.108981710705828
DAGSOORT_m = -0.7215261302486724
KAFSTV_m = 0.3493005409051084
Mode_Car_m = -0.23204621849503496
Mode_PT_m = 3.0673102392060727
REISDUUR_m = 0.00439393425456008
