ASC_multi = -4.141235901342593
GESLACHT_m = -0.011808439975582743
REISDUUR_m = 0.05314785709385723
