ASC_multi = -2.879074701419503
DAGSOORT_m = -1.2624108362749735
REISDUUR_m = 0.049308860115688066
