ASC_multi = -3.0988425845194967
DAGSOORT_m = -0.9102048251997377
REISDUUR_m = 0.05331414974335511
