ASC_multi = -1.3146477100677825
DAGSOORT_m = -0.6664790335050617
