ASC_multi = -2.469853752326102
TOER_m = -6.536295252662543
