ASC_multi = -5.103032635329795
DAGSOORT_m = -0.7214935359212393
KAFSTV_m = 0.46397323166494514
Mode_Car_m = -2.5897396775206953
REISDUUR_m = 0.018320493710348135
