AFSTV_m = -0.02894872608746794
ASC_multi = -4.375236989094307
GESLACHT_m = -0.023689712662065255
REISDUUR_m = 0.07602346751572304
