ASC_multi = -1.329206971821275
DAGSOORT_m = -0.8774294394969018
