AFSTV_m = -0.023562300079194815
ASC_multi = -3.3086508004450583
DAGSOORT_m = -1.0402097616713486
GESLACHT_m = -0.05290790290595645
REISDUUR_m = 0.07046120396964273
TOER_m = -6.169146594298629
