ASC_multi = -4.392536125188314
DAGSOORT_m = -1.239177758278098
KAFSTV_m = 0.2616252742245593
REISDUUR_m = 0.029522305781967604
