AFSTV_m = -0.02348404130135697
ASC_multi = -3.32818375307987
DAGSOORT_m = -1.040507761945843
REISDUUR_m = 0.07026875114225625
