ASC_multi = -1.5375966182813117
DAGSOORT_m = -0.7964331575369369
